J011743.47-523330.8 19.431125  -52.558556 1 1 1 1 1 1 1 1 1 1.23184E+02	9.75728E+00	1.80957E+02	8.83336E+00	1.57939E+02	3.49120E+00	1.37880E+02	2.92081E+00	1.25641E+02	2.43011E+00	1.03733E+02	2.10191E+00	8.32895E+01	1.61096E+00	2.72084E+02	3.75898E+00	8.80566E+02	1.62206E+01
J013833.77+780834.3 24.640708   78.142861 1 1 1 1 1 1 1 1 1 3.39277E+02	1.37494E+01	4.41341E+02	1.05687E+01	4.33000E+02	1.19642E+01	2.82553E+02	8.32771E+00	1.95133E+02	3.77420E+00	1.64406E+02	3.48273E+00	1.14127E+02	2.20742E+00	3.50189E+01	5.48312E-01	1.38408E+01	8.03116E-01
J023115.97-094845.9 37.816542   -9.812750 0 0 1 1 1 1 1 1 1 4.00087E+06	0.00000E+00	3.59728E+06	0.00000E+00	1.41022E+00	7.40353E-02	1.73101E+00	1.17980E-01	1.32535E+00	9.64347E-02	1.15005E+00	2.64809E-02	6.97253E-01	2.05502E-02	2.80481E+00	1.29166E-01	1.59647E+01	8.52836E-01
J032847.84+575556.1 52.199333   57.932250 1 1 1 1 1 1 1 1 1 2.76793E+00	2.54935E-01	5.70130E+00	5.25110E-02	1.80671E+01	3.49449E-01	1.94044E+01	3.39570E-01	2.16935E+01	4.39571E-01	2.25900E+01	4.78542E-01	2.76815E+01	5.09913E-01	2.37631E+02	3.06413E+00	8.09025E+02	1.34125E+01
J033900.56+294145.6 54.752333   29.696000 1 1 1 1 1 1 1 1 1 1.53516E+02	1.68259E+01	1.94793E+02	1.34559E+01	2.18016E+02	5.22080E+00	2.30940E+02	6.38112E+00	2.63227E+02	4.36394E+00	2.84347E+02	6.57798E+00	3.19588E+02	5.88703E+00	9.10129E+02	1.34122E+01	1.39947E+03	2.83570E+01
J043630.82+184215.2 69.128417   18.704222 1 1 1 1 1 1 1 1 1 2.24985E+02	1.45053E+01	3.55447E+02	1.37499E+01	4.97609E+02	8.70798E+00	4.60787E+02	8.48801E+00	4.26119E+02	1.05967E+01	4.26624E+02	1.22626E+01	4.13410E+02	6.89048E+00	9.93351E+02	1.28087E+01	2.23853E+03	3.91734E+01
J050206.31-085046.6 75.526292   -8.846278 0 0 1 1 1 1 1 1 1 4.00087E+06	0.00000E+00	3.59728E+06	0.00000E+00	7.17279E+01	1.58553E+00	9.21934E+01	1.95301E+00	9.11865E+01	1.59573E+00	8.85354E+01	1.87551E+00	8.91642E+01	1.80671E+00	1.13423E+02	1.77594E+00	1.70436E+02	4.70933E+00
J050610.47+062929.2 76.543625    6.491444 1 1 1 1 1 1 1 1 1 3.08571E+02	1.50628E+01	4.23423E+02	1.28696E+01	4.10477E+02	1.02077E+01	3.00262E+02	8.57309E+00	2.12976E+02	3.72700E+00	1.09627E+02	2.32231E+00	6.41786E+01	1.24132E+00	2.59838E+01	4.54708E-01	2.92390E+01	1.34650E+00
J050730.59-061059.9 76.877458   -6.183306 0 1 1 1 1 1 1 1 1 4.00087E+06	0.00000E+00	7.51578E+00	6.92229E-01	1.42721E+02	3.54918E+00	2.47913E+02	6.85010E+00	3.33834E+02	6.45692E+00	3.33425E+02	8.33696E+00	3.10020E+02	6.28187E+00	2.33724E+02	3.22901E+00	3.74940E+02	8.63332E+00
J051740.83+090514.5 79.420125    9.087361 0 0 1 1 1 1 1 1 1 4.00087E+06	0.00000E+00	3.59728E+06	0.00000E+00	5.95509E+01	1.26151E+00	7.80369E+01	2.01249E+00	7.05229E+01	1.42899E+00	4.34827E+01	8.81080E-01	2.92543E+01	5.38885E-01	3.49867E+01	5.47807E-01	8.12011E+01	2.39325E+00
J052303.81-044043.7 80.765875   -4.678806 1 1 1 1 1 1 1 1 1 3.32778E+00	3.06500E-01	6.25136E+00	5.75771E-01	3.44579E+01	7.61685E-01	4.16006E+01	9.19574E-01	3.61352E+01	7.65480E-01	2.78174E+01	5.89278E-01	2.36478E+01	4.57389E-01	2.44739E+01	4.73367E-01	3.79457E+01	1.60767E+00
J052331.01-010423.6 80.879208   -1.073222 1 1 1 1 1 1 1 1 1 1.63439E+02	1.18921E+01	2.46362E+02	1.08916E+01	3.49694E+02	6.76368E+00	4.20630E+02	1.62714E+01	4.80320E+02	9.29021E+00	5.19343E+02	1.68701E+01	4.40926E+02	7.24169E+00	4.96024E+02	7.30968E+00	1.56878E+03	3.17878E+01
J052408.04+022746.9 81.033500    2.463028 1 1 1 1 1 1 1 1 1 4.35065E+02	1.84327E+01	4.57482E+02	1.13766E+01	3.21579E+02	7.10846E+00	3.28322E+02	1.02815E+01	4.60819E+02	1.23085E+01	6.48396E+02	2.34949E+01	6.45013E+02	1.23281E+01	5.95255E+02	8.22375E+00	2.02844E+03	3.36287E+01
J052411.19+033521.5 81.046625    3.589306 0 0 1 1 1 1 1 1 1 4.00087E+06	0.00000E+00	3.59728E+06	0.00000E+00	3.83079E+01	7.40940E-01	4.95108E+01	1.00322E+00	3.94394E+01	8.35476E-01	2.71842E+01	6.00902E-01	1.84923E+01	3.57672E-01	2.08115E+01	4.02530E-01	4.02126E+01	1.44445E+00
J052437.25-084201.9 81.155208   -8.700528 1 1 1 1 1 1 1 1 1 2.41076E+02	1.22122E+01	4.29313E+02	1.26532E+01	6.93886E+02	1.27819E+01	6.12491E+02	3.21551E+01	4.47848E+02	9.89959E+00	2.21314E+02	4.90891E+00	1.47976E+02	2.72581E+00	6.29655E+02	8.11908E+00	3.04202E+03	4.76307E+01
J052556.05-021601.5 81.483542   -2.267083 0 1 1 1 1 1 1 1 1 4.00087E+06	0.00000E+00	2.48871E+00	2.29219E-01	2.63080E+01	5.81534E-01	3.49542E+01	7.40463E-01	3.38166E+01	5.91779E-01	2.30524E+01	4.88338E-01	1.72104E+01	3.17027E-01	9.94267E+00	2.38096E-01	3.11862E+01	1.52235E+00
J052617.32+055817.1 81.572167    5.971417 0 0 1 1 1 1 1 1 1 4.00087E+06	0.00000E+00	3.59728E+06	0.00000E+00	1.18274E+01	2.61442E-01	1.07127E+01	2.26936E-01	8.56506E+00	2.28773E-01	5.92539E+00	1.36437E-01	4.41561E+00	9.35392E-02	1.40185E+01	2.96966E-01	8.18770E+01	2.26235E+00
J052653.64-100458.1 81.723500  -10.082806 0 0 1 1 1 1 1 1 1 4.00087E+06	0.00000E+00	3.59728E+06	0.00000E+00	3.68543E+01	8.14658E-01	4.39238E+01	8.49562E-01	3.78034E+01	7.31182E-01	4.07302E+01	8.25306E-01	3.87784E+01	7.50041E-01	6.67887E+01	1.04575E+00	1.28577E+02	3.07901E+00
J052945.11+021539.6 82.437958    2.261000 0 0 1 1 1 1 1 1 1 4.00087E+06	0.00000E+00	3.59728E+06	0.00000E+00	7.66458E+01	1.69424E+00	9.33039E+01	2.06247E+00	8.84566E+01	1.71090E+00	7.14359E+01	1.51328E+00	5.55892E+01	9.72791E-01	4.52796E+01	7.50674E-01	1.03362E+02	3.14161E+00
J053047.99-073132.4 82.699958   -7.525667 0 0 1 1 1 1 1 1 1 4.00087E+06	0.00000E+00	3.59728E+06	0.00000E+00	2.01228E+01	4.44811E-01	2.73590E+01	6.04765E-01	2.50225E+01	4.83978E-01	1.91742E+01	4.23842E-01	1.43546E+01	2.64421E-01	2.01699E+01	3.71543E-01	2.24265E+01	1.46655E+00
J053431.70-035151.2 83.632083   -3.864222 0 0 1 1 1 1 1 1 1 4.00087E+06	0.00000E+00	3.59728E+06	0.00000E+00	1.06681E+02	2.25991E+00	1.29390E+02	3.81352E+00	9.95246E+01	1.83331E+00	6.27360E+01	1.32899E+00	4.05313E+01	7.09283E-01	2.65401E+01	5.37776E-01	4.69421E+01	2.76705E+00
J053839.81-025646.2 84.665875   -2.946167 1 1 1 1 1 1 1 1 1 1.62239E+00	2.98855E-02	5.10475E+00	9.40329E-02	4.33799E+01	1.07877E+00	5.16060E+01	1.09321E+00	4.44970E+01	8.60648E-01	3.59349E+01	7.61238E-01	3.34958E+01	6.47866E-01	5.57575E+01	8.73027E-01	7.11807E+01	2.03235E+00
J053844.06-111411.1 84.683583  -11.236417 1 1 1 1 1 1 1 1 1 5.68793E+01	9.69174E+00	9.33199E+01	9.02483E+00	1.58230E+02	3.35191E+00	1.42004E+02	3.40055E+00	1.23007E+02	2.37917E+00	9.09320E+01	1.92628E+00	8.11690E+01	1.56995E+00	1.77134E+02	2.44720E+00	2.52559E+02	4.65230E+00
J053926.39-021503.3 84.859958   -2.250917 1 1 1 1 1 1 1 1 1 2.76793E+00	2.54935E-01	5.64903E+00	5.20295E-02	2.91668E+01	6.44726E-01	3.69743E+01	9.19474E-01	3.86839E+01	8.55101E-01	4.93306E+01	1.04501E+00	4.57289E+01	8.00239E-01	8.73178E+01	1.28676E+00	1.61125E+02	4.15524E+00
J054006.72-061618.9 85.028000   -6.271917 1 1 1 1 1 1 1 1 1 1.20824E+01	1.11283E+00	1.01853E+01	1.87620E-01	7.53162E+01	1.45674E+00	9.88781E+01	2.27675E+00	9.89761E+01	2.00553E+00	7.54253E+01	1.59779E+00	5.65705E+01	1.04207E+00	6.75932E+01	9.96090E-01	2.25508E+02	5.60792E+00
J054011.76-094211.1 85.049000   -9.703083 1 1 1 1 1 1 1 1 1 5.88511E+01	1.08950E+01	9.76280E+01	1.00709E+01	1.56924E+02	3.46877E+00	2.06966E+02	5.14682E+00	2.98903E+02	6.33190E+00	3.56089E+02	9.23641E+00	3.31276E+02	5.79722E+00	5.90341E+02	7.61214E+00	1.17371E+03	1.83775E+01
J054227.76-100151.2 85.615667  -10.030889 0 0 1 1 1 1 1 1 1 4.00087E+06	0.00000E+00	3.59728E+06	0.00000E+00	1.27905E+02	2.82732E+00	1.88930E+02	4.52427E+00	2.72352E+02	6.52198E+00	3.42184E+02	7.92322E+00	3.06049E+02	5.91950E+00	6.26185E+02	8.65107E+00	1.31814E+03	1.57827E+01
J054330.38+251724.4 85.876583   25.290111 1 1 1 1 1 1 1 1 1 1.81533E+03	4.68153E+01	1.77327E+03	2.61318E+01	1.09771E+03	2.32537E+01	7.17629E+02	1.52021E+01	4.75040E+02	1.18133E+01	3.89576E+02	1.01095E+01	2.62658E+02	4.83834E+00	9.16860E+01	1.35113E+00	5.09521E+01	1.97100E+00
J054733.26+521144.5 86.888583   52.195694 1 1 1 1 1 1 1 1 1 4.05279E+02	1.49310E+01	4.75526E+02	1.00734E+01	4.86730E+02	8.51761E+00	3.39391E+02	7.18958E+00	2.63470E+02	4.36796E+00	1.67154E+02	3.54095E+00	1.19067E+02	2.30295E+00	4.89219E+01	7.20939E-01	3.44161E+01	1.42643E+00
J055417.57-383951.1 88.573208  -38.664194 1 1 1 1 1 1 1 1 1 8.35131E+01	1.69220E+01	6.93065E+01	9.63889E+00	4.76089E+01	1.05239E+00	3.68044E+01	8.81351E-01	3.22352E+01	6.82864E-01	2.91016E+01	6.43285E-01	2.90663E+01	5.35422E-01	3.63331E+01	5.68889E-01	2.74639E+01	1.06240E+00
J055720.57-134921.9 89.335708  -13.822750 0 0 1 1 1 1 1 1 1 4.00087E+06	0.00000E+00	3.59728E+06	0.00000E+00	8.79201E+01	1.86248E+00	1.00069E+02	2.02767E+00	1.02596E+02	1.79539E+00	1.12491E+02	2.27937E+00	8.79408E+01	1.53893E+00	8.78017E+01	1.29389E+00	3.36327E+02	6.81492E+00
J055804.52-141457.4 89.518833  -14.249278 0 0 1 1 1 1 1 1 1 4.00087E+06	0.00000E+00	3.59728E+06	0.00000E+00	4.01503E+01	7.76575E-01	3.03040E+01	6.14042E-01	2.04329E+01	4.89305E-01	1.10438E+01	2.33949E-01	6.70178E+00	1.35797E-01	2.18325E+01	3.82061E-01	4.45823E+01	1.64247E+00
J055924.43-145421.8 89.851792  -14.906056 1 1 1 1 1 1 1 1 1 2.34506E+01	6.47965E+00	3.98084E+01	7.33297E+00	3.29373E+01	7.28074E-01	2.79705E+01	6.18282E-01	2.07363E+01	4.96569E-01	1.83788E+01	3.89332E-01	1.41576E+01	2.47753E-01	2.10234E+01	4.06629E-01	5.57137E+01	1.59074E+00
J060325.99+172444.3 90.858292   17.412306 1 1 1 1 1 1 1 1 1 5.94504E+02	2.08072E+01	6.52791E+02	1.32273E+01	5.46624E+02	9.56572E+00	4.00959E+02	9.97102E+00	2.95890E+02	1.28087E+01	2.01781E+02	4.10080E+00	1.39891E+02	2.70574E+00	4.80732E+01	7.52710E-01	2.43872E+01	1.48246E+00
J062612.83+473232.1 96.553458   47.542250 1 1 1 1 1 1 1 1 1 8.75295E+01	1.12059E+01	1.06066E+02	8.59672E+00	1.03678E+02	1.90983E+00	1.00531E+02	1.66666E+00	1.23803E+02	2.28053E+00	2.54706E+02	5.65350E+00	3.27635E+02	6.33702E+00	4.68061E+02	6.03541E+00	4.46233E+02	7.80893E+00
J064151.08+100144.6 100.46283   10.029056 1 1 1 1 1 1 1 1 1 4.85461E+02	4.47126E+00	4.44605E+02	4.09496E+00	1.95204E+02	4.85431E+00	1.32282E+02	3.16774E+00	9.33965E+01	1.97849E+00	5.64829E+01	1.14450E+00	3.71014E+01	7.17605E-01	2.71833E+01	5.25773E-01	4.64261E+01	1.83868E+00
J113505.30-554840.3 173.77208  -55.811194 1 1 1 1 1 1 1 1 1 8.85023E+01	8.80347E+00	1.87057E+02	1.08540E+01	5.65052E+02	1.04086E+01	5.96898E+02	2.08910E+01	4.83872E+02	1.29242E+01	3.72627E+02	9.66755E+00	4.38265E+02	7.58725E+00	1.21984E+03	1.34822E+01	1.07836E+03	1.48980E+01
J132217.71+623337.9 200.57379   62.560528 1 1 1 1 1 1 1 1 1 4.81454E+01	8.11486E+00	1.14703E+02	8.97985E+00	2.78797E+02	5.39241E+00	2.90737E+02	7.49780E+00	2.09667E+02	4.63465E+00	1.05370E+02	2.23213E+00	6.20284E+01	1.14260E+00	6.79678E+01	9.39009E-01	7.75465E+01	1.85700E+00
J142409.74+581826.3 216.04058   58.307306 1 1 1 1 1 1 1 1 1 1.24095E+01	1.04581E+01	4.51205E+01	3.61966E+01	4.66110E+02	1.11619E+01	6.12491E+02	1.63596E+01	4.97887E+02	9.62998E+00	2.57310E+02	5.94958E+00	1.74337E+02	3.21141E+00	5.23242E+01	7.71078E-01	2.17752E+01	1.04290E+00
J145820.26+150229.3 224.58441   15.041472 0 0 1 1 1 1 1 1 1 4.00087E+06	0.00000E+00	3.59728E+06	0.00000E+00	1.69546E+03	3.12316E+01	2.40713E+03	4.43410E+01	1.88421E+03	3.47085E+01	1.04687E+03	4.67972E+01	5.75753E+02	1.03254E+01	1.35239E+02	1.74384E+00	4.66404E+01	1.63238E+00
J153456.23+335145.2 233.73429   33.862556 0 0 1 1 1 1 1 1 1 4.00087E+06	0.00000E+00	3.59728E+06	0.00000E+00	1.49172E+02	2.88525E+00	2.06205E+02	4.17829E+00	1.64411E+02	2.57428E+00	8.68394E+01	1.83959E+00	4.76201E+01	8.77195E-01	1.78773E+01	2.96382E-01	9.16985E+00	8.44574E-01
J161241.51+054140.8 243.17295    5.694667 0 0 1 1 1 1 1 1 1 4.00087E+06	0.00000E+00	3.59728E+06	0.00000E+00	2.10712E+02	4.07552E+00	3.12392E+02	6.90537E+00	2.72101E+02	5.26290E+00	1.39674E+02	2.83019E+00	7.88842E+01	1.45310E+00	2.36975E+01	4.36524E-01	1.05673E+01	1.04141E+00
J161808.54-224218.7 244.53558  -22.705194 1 1 1 1 1 1 1 1 1 2.86388E+02	1.34524E+01	4.36088E+02	1.24512E+01	6.17857E+02	1.36576E+01	4.99229E+02	2.16109E+01	3.72847E+02	8.24171E+00	1.88937E+02	4.00240E+00	1.12354E+02	2.06965E+00	4.00962E+01	7.01669E-01	1.85850E+01	1.35227E+00
J163033.90-242806.5 247.64125  -24.468472 0 0 1 1 1 1 1 1 1 4.00087E+06	0.00000E+00	3.59728E+06	0.00000E+00	3.56852E+01	8.54550E-01	5.07575E+01	1.12198E+00	4.78553E+01	8.81528E-01	3.19976E+01	6.48358E-01	2.45578E+01	4.29754E-01	2.14933E+01	4.75105E-01	3.44478E+01	1.87193E+00
J164021.30+075004.8 250.08875    7.834667 0 0 1 1 1 1 1 1 1 4.00087E+06	0.00000E+00	3.59728E+06	0.00000E+00	8.91432E+02	2.13470E+01	1.37626E+03	3.92950E+01	1.17039E+03	1.83255E+01	6.07010E+02	2.14243E+01	3.42445E+02	6.62347E+00	1.08518E+02	1.49924E+00	5.29617E+01	1.80484E+00
J164837.40+351209.3 252.15583   35.202583 1 1 1 1 1 1 1 1 1 8.29000E+01	8.01714E+00	1.27167E+02	7.84738E+00	1.61766E+02	3.57582E+00	1.45848E+02	4.29859E+00	1.12494E+02	2.27944E+00	1.13218E+02	2.39839E+00	1.34831E+02	2.60787E+00	1.72466E+02	2.22386E+00	1.15229E+02	2.54712E+00
J165556.61+241554.0 253.98587   24.265000 0 0 1 1 1 1 1 1 1 4.00087E+06	0.00000E+00	3.59728E+06	0.00000E+00	1.72539E+01	4.13178E-01	1.69473E+01	4.99489E-01	1.20873E+01	2.56055E-01	6.61176E+00	1.33972E-01	4.44826E+00	9.01340E-02	4.59942E+00	1.65213E-01	1.22001E+01	1.06748E+00
J170737.21-062607.2 256.90504   -6.435333 1 1 1 1 1 1 1 1 1 1.50298E+02	1.06591E+01	2.89717E+02	1.17409E+01	8.30402E+02	1.98855E+01	7.16968E+02	3.23573E+01	5.43914E+02	1.20231E+01	2.97538E+02	6.88469E+00	1.92393E+02	3.54402E+00	7.89047E+01	1.16278E+00	3.42896E+01	1.48435E+00
J171307.83-532428.8 258.28262  -53.408000 0 0 1 1 1 1 1 1 1 4.00087E+06	0.00000E+00	3.59728E+06	0.00000E+00	9.00510E+02	1.65880E+01	1.28322E+03	3.19109E+01	1.11053E+03	2.45481E+01	5.90331E+02	1.86399E+01	3.13466E+02	5.48554E+00	4.41675E+02	5.69517E+00	3.92611E+02	8.31698E+00
J172734.02-020656.8 261.89175   -2.115778 0 0 1 1 1 1 1 1 1 4.00087E+06	0.00000E+00	3.59728E+06	0.00000E+00	1.55628E+01	3.29679E-01	1.76807E+01	4.07114E-01	1.67776E+01	3.86319E-01	2.60565E+01	5.51976E-01	2.88264E+01	5.84102E-01	3.09245E+01	5.41168E-01	3.01413E+01	1.88776E+00
J180611.37+035840.5 271.54737    3.977917 0 0 1 1 1 1 1 1 1 4.00087E+06	0.00000E+00	3.59728E+06	0.00000E+00	1.14101E+02	2.83745E+00	1.68539E+02	3.57029E+00	1.48296E+02	3.27806E+00	8.87803E+01	1.79893E+00	5.36773E+01	8.89894E-01	4.18314E+01	6.93507E-01	2.63489E+01	1.55317E+00
J180841.59-591507.9 272.17329  -59.252194 1 1 1 1 1 1 1 1 1 6.39962E+02	2.23982E+01	7.11827E+02	1.44236E+01	5.26367E+02	1.26048E+01	3.86456E+02	1.10341E+01	2.71600E+02	5.25322E+00	1.73747E+02	3.84064E+00	1.38226E+02	2.54622E+00	6.46700E+01	9.53012E-01	3.77365E+01	1.49454E+00
J182955.33+004939.0 277.48054    0.827500 1 0 1 1 1 1 1 1 1 1.45263E+00	1.33792E-01	3.59728E+06	0.00000E+00	1.10278E+02	2.33610E+00	2.07157E+02	5.34237E+00	3.41295E+02	8.17296E+00	4.41515E+02	1.22833E+01	4.24771E+02	7.40630E+00	3.28022E+02	4.53179E+00	1.01850E+03	1.96996E+01
J190901.24+110641.3 287.25516   11.111472 1 1 1 1 1 1 1 1 1 2.06897E+02	1.37203E+01	2.97286E+02	1.23215E+01	6.20709E+02	1.54358E+01	4.90117E+02	1.21882E+01	3.97677E+02	1.20870E+01	2.35889E+02	5.01578E+00	1.68652E+02	3.26201E+00	6.74688E+01	1.05640E+00	4.21078E+01	1.86157E+00
J191845.28+371449.2 289.68866   37.247000 1 1 1 1 1 1 1 1 1 7.32748E+02	2.02466E+01	8.21815E+02	1.28676E+01	6.19567E+02	1.65486E+01	4.64194E+02	2.26596E+01	4.59971E+02	7.62568E+00	4.14921E+02	1.19246E+01	3.63339E+02	6.23966E+00	9.89699E+01	1.45847E+00	3.33858E+01	1.26073E+00
J203123.98+283625.0 307.84991   28.606944 1 1 1 1 1 1 1 1 1 1.62239E+03	3.13797E+01	1.52046E+03	1.68047E+01	8.38858E+02	1.46797E+01	5.24687E+02	1.49809E+01	3.37544E+02	7.46135E+00	1.82943E+02	3.87543E+00	1.11017E+02	2.14726E+00	3.75235E+01	5.52966E-01	2.48635E+01	1.12211E+00
J205207.92+484956.9 313.03300   48.832472 1 1 1 1 1 1 1 1 1 2.44881E+02	1.06005E+01	4.13785E+02	1.06711E+01	7.78553E+02	4.51757E+01	6.04644E+02	3.95398E+01	4.57858E+02	8.85575E+00	2.37421E+02	5.04850E+00	1.36707E+02	2.39232E+00	3.15866E+01	5.23662E-01	1.52182E+01	9.39102E-01
J205722.53+870157.8 314.34387   87.032722 1 1 1 1 1 1 1 1 1 3.88467E+03	7.15583E+01	3.88664E+03	3.57973E+01	2.16814E+03	4.79264E+01	1.37753E+03	6.47062E+01	9.39140E+02	2.33545E+01	4.42335E+02	1.31266E+01	2.39988E+02	4.64179E+00	4.67631E+01	7.32196E-01	2.38321E+01	1.31701E+00
J205911.24-595822.3 314.79683  -59.972861 1 1 1 1 1 1 1 1 1 1.40009E+01	1.28953E-01	3.73228E+01	3.43756E-01	1.13472E+02	2.29925E+00	1.30347E+02	2.88129E+00	1.03070E+02	2.18340E+00	9.33935E+01	1.89241E+00	1.06805E+02	1.96741E+00	1.70570E+02	2.19941E+00	1.43470E+02	3.96423E+00
J210144.07+521717.6 315.43362   52.288222 0 1 1 1 1 1 1 1 1 4.00087E+06	0.00000E+00	3.59728E+01	3.31322E-01	9.54307E+01	1.84579E+00	1.24480E+02	2.17836E+00	1.42276E+02	2.62081E+00	1.22213E+02	2.47637E+00	9.73174E+01	1.88228E+00	3.43798E+01	5.38304E-01	6.27425E+01	1.90700E+00
J211412.49-015843.1 318.55204   -1.978639 1 1 1 1 1 1 1 1 1 9.55332E+01	1.25825E+01	2.71378E+02	1.62466E+01	1.18710E+03	2.07739E+01	1.20865E+03	8.46037E+01	9.90673E+02	2.09862E+01	7.61509E+02	2.83234E+01	5.00617E+02	8.83252E+00	1.37754E+02	1.90314E+00	4.90187E+01	1.58018E+00
J212547.34-022251.3 321.44725   -2.380917 0 0 1 1 1 1 1 1 1 4.00087E+06	0.00000E+00	3.59728E+06	0.00000E+00	6.65102E+01	1.59271E+00	7.66832E+01	1.55381E+00	6.45551E+01	1.12969E+00	3.97298E+01	8.05036E-01	3.50421E+01	6.77775E-01	2.19737E+02	2.83339E+00	2.38101E+02	4.60529E+00
J212636.95+075307.6 321.65395    7.885444 1 1 1 1 1 1 1 1 1 1.27925E+03	2.82775E+01	1.76675E+03	2.27813E+01	1.82175E+03	5.36925E+01	1.37499E+03	8.48497E+01	1.02125E+03	2.44557E+01	5.10740E+02	1.51673E+01	2.95795E+02	5.44874E+00	1.65464E+02	2.13357E+00	1.78963E+02	3.62627E+00
J214537.00+570201.1 326.40416   57.033639 0 0 1 1 1 1 1 1 1 4.00087E+06	0.00000E+00	3.59728E+06	0.00000E+00	4.84940E+01	1.11662E+00	7.28283E+01	2.01232E+00	9.17763E+01	1.52152E+00	1.03637E+02	2.09998E+00	1.03321E+02	1.71293E+00	1.16172E+02	1.28398E+00	4.71153E+02	6.50922E+00
J215739.35-083351.4 329.41395   -8.564278 1 1 1 1 1 1 1 1 1 8.05665E+03	1.55829E+02	6.86079E+03	6.95093E+01	2.93554E+03	6.48896E+01	1.77133E+03	7.17841E+01	1.26687E+03	2.45033E+01	6.66725E+02	2.47819E+01	3.91044E+02	6.60181E+00	1.09120E+02	1.60805E+00	6.05288E+01	2.11847E+00
J220614.20+600204.6 331.55916   60.034611 0 0 1 1 1 1 1 1 1 4.00087E+06	0.00000E+00	3.59728E+06	0.00000E+00	1.47397E+01	3.93697E-01	1.50487E+01	4.29672E-01	1.98761E+01	4.02744E-01	4.09182E+01	8.29116E-01	5.29408E+01	9.75205E-01	6.66044E+01	9.20174E-01	5.01605E+01	1.57078E+00
J221513.24+711142.2 333.80516   71.195056 0 0 1 1 1 1 1 1 1 4.00087E+06	0.00000E+00	3.59728E+06	0.00000E+00	4.25881E+01	7.45277E-01	3.99853E+01	1.10483E+00	3.54104E+01	8.15354E-01	3.28032E+01	6.94897E-01	4.15901E+01	7.66119E-01	1.19868E+02	1.65604E+00	1.04319E+02	2.01770E+00
J222906.46+631045.9 337.27691   63.179417 0 0 1 1 1 1 1 1 1 4.00087E+06	0.00000E+00	3.59728E+06	0.00000E+00	2.91936E+01	7.25985E-01	3.90032E+01	1.14954E+00	4.19885E+01	6.96111E-01	3.50201E+01	7.09603E-01	2.83786E+01	4.96615E-01	4.94656E+01	9.11189E-01	8.26346E+01	2.20717E+00
J224836.29+624808.6 342.15120   62.802389 0 0 1 1 1 1 1 1 1 4.00087E+06	0.00000E+00	3.59728E+06	0.00000E+00	2.53098E+01	5.59468E-01	2.89935E+01	7.74415E-01	3.25635E+01	6.89817E-01	4.22199E+01	8.94376E-01	5.05115E+01	9.30456E-01	1.13110E+02	1.56268E+00	1.62765E+02	2.84834E+00
J234708.47+153903.2 356.78529   15.650889 1 1 1 1 1 1 1 1 1 1.48920E+03	3.56618E+01	1.24846E+03	1.72481E+01	5.22021E+02	1.10584E+01	3.08674E+02	7.39178E+00	2.18138E+02	3.61642E+00	1.10947E+02	2.45247E+00	6.88954E+01	1.33256E+00	2.44739E+01	4.28284E-01	1.46812E+01	1.00062E+00
J235652.35+611338.1 359.21812   61.227250 1 1 1 1 1 1 1 1 1 3.26704E+02	3.00905E+00	4.32488E+02	3.98336E+00	5.08731E+02	9.83973E+00	3.91832E+02	1.44356E+01	3.03900E+02	4.47843E+00	1.81099E+02	3.83637E+00	1.23991E+02	2.28400E+00	4.10301E+01	6.42433E-01	2.09104E+01	9.24441E-01