!  STARS, BROWN DWARFS, AND GAS GIANT PLANETS COLORS
!  
!  E(B-V) =     0.000
!     A_V =     0.000
!
!  "MAGNITUDES" m AT THE STELLAR SURFACE
!  (distance modulus factor not included)
!
!  ABSOLUTE MAGNITUDES: M_m = m - 5logR(pc) + 5
!
! Type of calibration used: Vega
! Using recent Calspec Alpha Lyrea STIS spectrum:
! ftp://ftp.stsci.edu/cdbs/current_calspec/
!
! Unless mentioned otherwise below, we calculate:
! Pogson magnitudes resulting from photon count integration (caracteristic of CCDs)
!
!  WISE filter system
!
!        Teff    Logg   [M/H]   [a/H]        W1_W10      W2_W10      W3_W10      W4_W10
      5777.00    4.44    0.00    0.00       -39.955     -39.939     -39.976     -39.981
      1200.00    2.50    0.00    0.00       -35.970     -35.999     -37.515     -37.655
      1200.00    3.00    0.00    0.00       -36.025     -36.018     -37.536     -37.703
      1200.00    3.50    0.00    0.00       -35.763     -35.946     -37.478     -37.688
      1200.00    4.00    0.00    0.00       -35.627     -36.056     -37.516     -37.723
      1200.00    4.50    0.00    0.00       -35.477     -36.093     -37.522     -37.687
      1200.00    5.00    0.00    0.00       -35.208     -36.115     -37.436     -37.671
      1200.00    5.50    0.00    0.00       -35.033     -36.189     -37.356     -37.553
      1300.00    2.50    0.00    0.00       -36.168     -36.278     -37.675     -37.766
      1300.00    3.00    0.00    0.00       -36.310     -36.375     -37.729     -37.843
      1300.00    3.50    0.00    0.00       -36.319     -36.420     -37.729     -37.875
      1300.00    4.00    0.00    0.00       -36.067     -36.298     -37.656     -37.817
      1300.00    4.50    0.00    0.00       -35.980     -36.320     -37.661     -37.799
      1300.00    5.00    0.00    0.00       -35.537     -36.170     -37.519     -37.642
      1300.00    5.50    0.00    0.00       -35.541     -36.424     -37.558     -37.710
      1400.00    3.00    0.00    0.00       -36.544     -36.706     -37.870     -37.995
      1400.00    3.50    0.00    0.00       -36.606     -36.607     -37.852     -37.933
      1400.00    4.00    0.00    0.00       -36.431     -36.670     -37.861     -37.950
      1400.00    4.50    0.00    0.00       -36.444     -36.667     -37.840     -37.947
      1400.00    5.00    0.00    0.00       -36.203     -36.474     -37.745     -37.791
      1400.00    5.50    0.00    0.00       -35.991     -36.644     -37.723     -37.833
      1500.00    2.50    0.00    0.00       -36.564     -37.011     -38.003     -38.232
      1500.00    3.00    0.00    0.00       -36.792     -37.361     -38.272     -38.470
      1500.00    3.50    0.00    0.00       -37.029     -37.575     -38.340     -38.538
      1500.00    4.00    0.00    0.00       -37.157     -37.418     -38.243     -38.294
      1500.00    4.50    0.00    0.00       -37.012     -37.176     -38.147     -38.142
      1500.00    5.00    0.00    0.00       -36.682     -36.821     -37.950     -37.959
      1500.00    5.50    0.00    0.00       -36.624     -36.959     -37.951     -37.996
      1550.00    5.00    0.00    0.00       -37.081     -37.219     -38.137     -38.138
      1550.00    5.50    0.00    0.00       -36.870     -37.118     -38.058     -38.083
      1600.00    2.50    0.00    0.00       -36.778     -37.144     -38.048     -38.250
      1600.00    3.00    0.00    0.00       -37.001     -37.487     -38.279     -38.470
      1600.00    3.50    0.00    0.00       -37.215     -37.664     -38.351     -38.551
      1600.00    4.00    0.00    0.00       -37.300     -37.550     -38.298     -38.363
      1600.00    4.50    0.00    0.00       -37.304     -37.423     -38.230     -38.248
      1600.00    5.00    0.00    0.00       -37.206     -37.335     -38.189     -38.196
      1600.00    5.50    0.00    0.00       -37.059     -37.267     -38.145     -38.173
      1650.00    5.00    0.00    0.00       -37.401     -37.467     -38.233     -38.248
      1650.00    5.50    0.00    0.00       -37.042     -37.222     -38.117     -38.118
      1700.00    2.50    0.00    0.00       -36.926     -37.384     -38.080     -38.305
      1700.00    3.00    0.00    0.00       -37.233     -37.646     -38.301     -38.503
      1700.00    3.50    0.00    0.00       -37.315     -37.713     -38.363     -38.560
      1700.00    4.00    0.00    0.00       -37.387     -37.662     -38.358     -38.456
      1700.00    4.50    0.00    0.00       -37.376     -37.488     -38.259     -38.285
      1700.00    5.00    0.00    0.00       -37.453     -37.522     -38.262     -38.285
      1700.00    5.50    0.00    0.00       -37.211     -37.349     -38.188     -38.192
      1750.00    5.00    0.00    0.00       -37.481     -37.564     -38.284     -38.316
      1750.00    5.50    0.00    0.00       -37.303     -37.399     -38.205     -38.201
      1800.00    2.50    0.00    0.00       -36.889     -37.326     -37.996     -38.208
      1800.00    3.00    0.00    0.00       -37.265     -37.656     -38.300     -38.492
      1800.00    3.50    0.00    0.00       -37.384     -37.751     -38.377     -38.564
      1800.00    4.00    0.00    0.00       -37.407     -37.641     -38.342     -38.428
      1800.00    4.50    0.00    0.00       -37.465     -37.678     -38.358     -38.425
      1800.00    5.00    0.00    0.00       -37.517     -37.610     -38.307     -38.346
      1800.00    5.50    0.00    0.00       -37.333     -37.424     -38.218     -38.218
      1850.00    5.00    0.00    0.00       -37.500     -37.564     -38.291     -38.301
      1850.00    5.50    0.00    0.00       -37.416     -37.467     -38.229     -38.229
      1900.00    2.50    0.00    0.00       -36.990     -37.399     -38.029     -38.233
      1900.00    3.00    0.00    0.00       -37.341     -37.710     -38.328     -38.510
      1900.00    3.50    0.00    0.00       -37.442     -37.768     -38.378     -38.550
      1900.00    4.00    0.00    0.00       -37.533     -37.839     -38.432     -38.578
      1900.00    4.50    0.00    0.00       -37.532     -37.733     -38.382     -38.454
      1900.00    5.00    0.00    0.00       -37.523     -37.596     -38.306     -38.321
      1900.00    5.50    0.00    0.00       -37.417     -37.470     -38.234     -38.227
      1950.00    5.00    0.00    0.00       -37.590     -37.686     -38.349     -38.378
      1950.00    5.50    0.00    0.00       -37.476     -37.519     -38.254     -38.262
      2000.00    2.50    0.00    0.00       -37.505     -37.879     -38.456     -38.631
      2000.00    3.00    0.00    0.00       -37.520     -37.856     -38.444     -38.597
      2000.00    3.50    0.00    0.00       -37.563     -37.877     -38.447     -38.602
      2000.00    4.00    0.00    0.00       -37.591     -37.837     -38.429     -38.550
      2000.00    4.50    0.00    0.00       -37.613     -37.806     -38.413     -38.495
      2000.00    5.00    0.00    0.00       -37.596     -37.694     -38.353     -38.384
      2000.00    5.50    0.00    0.00       -37.557     -37.603     -38.299     -38.315
      2050.00    2.50    0.00    0.00       -37.581     -37.949     -38.495     -38.665
      2050.00    3.00    0.00    0.00       -37.593     -37.924     -38.479     -38.624
      2050.00    3.50    0.00    0.00       -37.627     -37.937     -38.480     -38.624
      2050.00    4.00    0.00    0.00       -37.623     -37.860     -38.439     -38.551
      2050.00    4.50    0.00    0.00       -37.627     -37.820     -38.420     -38.503
      2050.00    5.00    0.00    0.00       -37.663     -37.763     -38.388     -38.417
      2100.00    2.50    0.00    0.00       -37.612     -37.978     -38.510     -38.681
      2100.00    3.00    0.00    0.00       -37.633     -37.969     -38.506     -38.652
      2100.00    3.50    0.00    0.00       -37.657     -37.963     -38.494     -38.635
      2100.00    4.00    0.00    0.00       -37.644     -37.876     -38.447     -38.555
      2100.00    4.50    0.00    0.00       -37.707     -37.904     -38.457     -38.551
      2100.00    5.00    0.00    0.00       -37.673     -37.769     -38.389     -38.420
      2100.00    5.50    0.00    0.00       -37.598     -37.601     -38.286     -38.297
      2150.00    2.50    0.00    0.00       -37.695     -38.063     -38.554     -38.727
      2150.00    3.00    0.00    0.00       -37.716     -38.050     -38.548     -38.690
      2150.00    3.50    0.00    0.00       -37.727     -38.026     -38.528     -38.657
      2150.00    4.00    0.00    0.00       -37.737     -37.983     -38.499     -38.611
      2150.00    4.50    0.00    0.00       -37.744     -37.940     -38.476     -38.568
      2150.00    5.00    0.00    0.00       -37.740     -37.861     -38.437     -38.480
      2200.00    2.50    0.00    0.00       -37.735     -38.102     -38.572     -38.747
      2200.00    3.00    0.00    0.00       -37.763     -38.100     -38.576     -38.723
      2200.00    3.50    0.00    0.00       -37.774     -38.077     -38.558     -38.685
      2200.00    4.00    0.00    0.00       -37.772     -38.021     -38.521     -38.629
      2200.00    4.50    0.00    0.00       -37.799     -38.011     -38.512     -38.622
      2200.00    5.00    0.00    0.00       -37.810     -37.962     -38.487     -38.561
      2200.00    5.50    0.00    0.00       -37.672     -37.695     -38.344     -38.352
      2250.00    2.50    0.00    0.00       -37.817     -38.181     -38.617     -38.792
      2250.00    3.00    0.00    0.00       -37.845     -38.185     -38.619     -38.768
      2250.00    3.50    0.00    0.00       -37.862     -38.170     -38.609     -38.737
      2250.00    4.00    0.00    0.00       -37.835     -38.081     -38.550     -38.653
      2250.00    4.50    0.00    0.00       -37.832     -38.042     -38.527     -38.633
      2250.00    5.00    0.00    0.00       -37.858     -38.012     -38.514     -38.586
      2300.00    2.50    0.00    0.00       -37.874     -38.235     -38.650     -38.827
      2300.00    3.00    0.00    0.00       -37.889     -38.229     -38.645     -38.798
      2300.00    3.50    0.00    0.00       -37.901     -38.211     -38.635     -38.766
      2300.00    4.00    0.00    0.00       -37.890     -38.147     -38.590     -38.696
      2300.00    4.50    0.00    0.00       -37.898     -38.106     -38.557     -38.662
      2300.00    5.00    0.00    0.00       -37.891     -38.043     -38.530     -38.597
      2300.00    5.50    0.00    0.00       -37.855     -37.861     -38.426     -38.430
      2350.00    2.50    0.00    0.00       -37.915     -38.273     -38.663     -38.839
      2350.00    3.00    0.00    0.00       -37.964     -38.300     -38.684     -38.835
      2350.00    3.50    0.00    0.00       -37.977     -38.287     -38.674     -38.803
      2350.00    4.00    0.00    0.00       -37.970     -38.233     -38.637     -38.744
      2350.00    4.50    0.00    0.00       -37.964     -38.181     -38.603     -38.701
      2350.00    5.00    0.00    0.00       -37.931     -38.077     -38.539     -38.614
      2400.00    2.50    0.00    0.00       -37.974     -38.327     -38.698     -38.873
      2400.00    3.00    0.00    0.00       -38.002     -38.337     -38.706     -38.859
      2400.00    3.50    0.00    0.00       -38.031     -38.343     -38.712     -38.847
      2400.00    4.00    0.00    0.00       -38.016     -38.286     -38.671     -38.780
      2400.00    4.50    0.00    0.00       -38.005     -38.227     -38.631     -38.728
      2400.00    5.00    0.00    0.00       -37.993     -38.152     -38.585     -38.657
      2400.00    5.50    0.00    0.00       -37.977     -38.014     -38.507     -38.513
      2500.00    2.50    0.00    0.00       -38.075     -38.420     -38.749     -38.922
      2500.00    3.00    0.00    0.00       -38.129     -38.458     -38.781     -38.936
      2500.00    3.50    0.00    0.00       -38.147     -38.454     -38.780     -38.915
      2500.00    4.00    0.00    0.00       -38.134     -38.407     -38.742     -38.851
      2500.00    4.50    0.00    0.00       -38.129     -38.361     -38.713     -38.810
      2500.00    5.00    0.00    0.00       -38.115     -38.292     -38.667     -38.746
      2500.00    5.50    0.00    0.00       -38.107     -38.197     -38.610     -38.636
      2600.00    2.50    0.00    0.00       -38.170     -38.507     -38.795     -38.968
      2600.00    3.00    0.00    0.00       -38.225     -38.545     -38.831     -38.985
      2600.00    3.50    0.00    0.00       -38.255     -38.556     -38.843     -38.980
      2600.00    4.00    0.00    0.00       -38.258     -38.535     -38.828     -38.945
      2600.00    4.50    0.00    0.00       -38.250     -38.489     -38.794     -38.896
      2600.00    5.00    0.00    0.00       -38.238     -38.431     -38.755     -38.839
      2600.00    5.50    0.00    0.00       -38.231     -38.369     -38.715     -38.782
      2700.00    2.50    0.00    0.00       -38.259     -38.587     -38.843     -39.013
      2700.00    3.00    0.00    0.00       -38.327     -38.638     -38.886     -39.039
      2700.00    3.50    0.00    0.00       -38.359     -38.652     -38.906     -39.043
      2700.00    4.00    0.00    0.00       -38.365     -38.637     -32.969     -35.769
      2700.00    4.50    0.00    0.00       -38.402     -38.645     -38.899     -39.005
      2700.00    5.00    0.00    0.00       -38.355     -38.559     -38.842     -38.934
      2700.00    5.50    0.00    0.00       -38.353     -38.511     -38.811     -38.888
      2800.00    2.50    0.00    0.00       -38.358     -38.668     -38.894     -39.057
      2800.00    3.00    0.00    0.00       -38.409     -38.709     -38.930     -39.081
      2800.00    3.50    0.00    0.00       -38.453     -38.737     -38.960     -39.097
      2800.00    4.00    0.00    0.00       -38.467     -38.732     -38.961     -39.082
      2800.00    4.50    0.00    0.00       -38.474     -38.715     -38.952     -39.061
      2800.00    5.00    0.00    0.00       -38.484     -38.692     -38.935     -39.031
      2800.00    5.50    0.00    0.00       -38.464     -38.630     -38.893     -38.978
      2900.00    2.50    0.00    0.00       -38.455     -38.743     -32.969     -35.769
      2900.00    3.00    0.00    0.00       -38.474     -38.762     -38.958     -39.106
      2900.00    3.50    0.00    0.00       -38.515     -38.791     -38.991     -39.126
      2900.00    4.00    0.00    0.00       -38.547     -38.805     -39.009     -39.131
      2900.00    4.50    0.00    0.00       -38.561     -38.797     -39.007     -39.117
      2900.00    5.00    0.00    0.00       -38.563     -38.769     -38.988     -39.085
      2900.00    5.50    0.00    0.00       -38.560     -38.728     -38.962     -39.048
      3000.00    2.50    0.00    0.00       -38.579     -38.835     -39.005     -39.152
      3000.00    3.00    0.00    0.00       -38.577     -38.842     -39.012     -39.154
      3000.00    3.50    0.00    0.00       -38.604     -38.864     -39.036     -39.167
      3000.00    4.00    0.00    0.00       -38.631     -38.878     -39.055     -39.174
      3000.00    4.50    0.00    0.00       -38.646     -38.874     -39.058     -39.165
      3000.00    5.00    0.00    0.00       -38.652     -38.853     -39.043     -39.139
      3000.00    5.50    0.00    0.00       -38.646     -38.810     -39.014     -39.100
      3100.00    2.50    0.00    0.00       -38.714     -38.928     -39.080     -39.213
      3100.00    3.00    0.00    0.00       -38.692     -38.926     -39.077     -39.209
      3100.00    3.50    0.00    0.00       -38.701     -38.939     -39.089     -39.215
      3100.00    4.00    0.00    0.00       -38.721     -38.953     -39.112     -39.228
      3100.00    4.50    0.00    0.00       -38.743     -38.960     -39.128     -39.234
      3100.00    5.00    0.00    0.00       -38.739     -38.937     -39.111     -39.207
      3100.00    5.50    0.00    0.00       -38.744     -38.915     -39.101     -39.188
      3200.00    2.50    0.00    0.00       -38.840     -39.007     -39.147     -39.266
      3200.00    3.00    0.00    0.00       -38.806     -39.002     -39.135     -39.258
      3200.00    3.50    0.00    0.00       -38.798     -39.009     -39.140     -39.259
      3200.00    4.00    0.00    0.00       -38.808     -39.019     -39.160     -39.272
      3200.00    4.50    0.00    0.00       -38.826     -39.028     -39.180     -39.283
      3200.00    5.00    0.00    0.00       -38.822     -39.011     -39.169     -39.264
      3200.00    5.50    0.00    0.00       -38.834     -39.000     -39.168     -39.255
      3300.00    2.50    0.00    0.00       -38.968     -39.082     -39.217     -39.319
      3300.00    3.00    0.00    0.00       -38.927     -39.078     -39.204     -39.314
      3300.00    3.50    0.00    0.00       -38.900     -39.077     -39.196     -39.306
      3300.00    4.00    0.00    0.00       -38.902     -39.088     -39.216     -39.321
      3300.00    4.50    0.00    0.00       -38.905     -39.091     -39.227     -39.326
      3300.00    5.00    0.00    0.00       -38.905     -39.081     -39.223     -39.315
      3300.00    5.50    0.00    0.00       -38.912     -39.070     -39.224     -39.309
      3400.00    2.50    0.00    0.00       -39.088     -39.148     -39.283     -39.367
      3400.00    3.00    0.00    0.00       -39.045     -39.146     -39.270     -39.365
      3400.00    3.50    0.00    0.00       -39.001     -39.140     -39.249     -39.349
      3400.00    4.00    0.00    0.00       -39.002     -39.154     -39.276     -39.372
      3400.00    4.50    0.00    0.00       -38.996     -39.156     -39.283     -39.376
      3400.00    5.00    0.00    0.00       -38.981     -39.143     -39.276     -39.364
      3400.00    5.50    0.00    0.00       -38.993     -39.140     -39.281     -39.363
      3500.00    2.50    0.00    0.00       -39.192     -39.206     -39.343     -39.409
      3500.00    3.00    0.00    0.00       -39.155     -39.207     -39.336     -39.414
      3500.00    3.50    0.00    0.00       -39.124     -39.211     -39.341     -39.424
      3500.00    4.00    0.00    0.00       -39.098     -39.213     -39.332     -39.417
      3500.00    4.50    0.00    0.00       -39.079     -39.212     -39.334     -39.419
      3500.00    5.00    0.00    0.00       -39.062     -39.203     -39.328     -39.411
      3500.00    5.50    0.00    0.00       -39.065     -39.198     -39.329     -39.408
      3600.00    2.50    0.00    0.00       -39.281     -39.256     -39.405     -39.454
      3600.00    3.00    0.00    0.00       -39.251     -39.259     -39.395     -39.457
      3600.00    3.50    0.00    0.00       -39.215     -39.261     -39.391     -39.461
      3600.00    4.00    0.00    0.00       -39.188     -39.265     -39.383     -39.455
      3600.00    4.50    0.00    0.00       -39.167     -39.267     -39.387     -39.460
      3600.00    5.00    0.00    0.00       -39.148     -39.262     -39.380     -39.454
      3600.00    5.50    0.00    0.00       -39.140     -39.256     -39.381     -39.454
      3700.00    2.50    0.00    0.00       -39.343     -39.294     -39.448     -39.489
      3700.00    3.00    0.00    0.00       -39.276     -39.274     -39.408     -39.466
      3700.00    3.50    0.00    0.00       -39.297     -39.305     -39.435     -39.493
      3700.00    4.00    0.00    0.00       -39.267     -39.309     -39.426     -39.487
      3700.00    4.50    0.00    0.00       -39.247     -39.315     -39.432     -39.495
      3700.00    5.00    0.00    0.00       -39.230     -39.316     -39.432     -39.496
      3700.00    5.50    0.00    0.00       -39.220     -39.313     -39.433     -39.497
      3800.00    2.50    0.00    0.00       -39.397     -39.331     -39.484     -39.515
      3800.00    3.00    0.00    0.00       -39.388     -39.341     -39.483     -39.520
      3800.00    3.50    0.00    0.00       -39.367     -39.344     -39.474     -39.519
      3800.00    4.00    0.00    0.00       -39.338     -39.349     -39.466     -39.515
      3800.00    4.50    0.00    0.00       -39.316     -39.356     -39.472     -39.524
      3800.00    5.00    0.00    0.00       -39.299     -39.359     -39.476     -39.530
      3800.00    5.50    0.00    0.00       -39.284     -39.356     -39.474     -39.530
      3900.00    2.50    0.00    0.00       -39.439     -39.365     -39.515     -39.539
      3900.00    3.00    0.00    0.00       -39.438     -39.376     -39.518     -39.546
      3900.00    3.50    0.00    0.00       -39.426     -39.382     -39.511     -39.545
      3900.00    4.00    0.00    0.00       -39.404     -39.386     -39.506     -39.546
      3900.00    4.50    0.00    0.00       -39.381     -39.394     -39.509     -39.549
      3900.00    5.00    0.00    0.00       -39.363     -39.399     -39.514     -39.557
      3900.00    5.50    0.00    0.00       -39.348     -39.400     -39.518     -39.564
      4000.00    2.50    0.00    0.00       -39.477     -39.398     -39.544     -39.563
      4000.00    3.00    0.00    0.00       -39.479     -39.410     -39.548     -39.571
      4000.00    3.50    0.00    0.00       -39.474     -39.417     -39.545     -39.571
      4000.00    4.00    0.00    0.00       -39.460     -39.421     -39.539     -39.569
      4000.00    4.50    0.00    0.00       -39.440     -39.428     -39.540     -39.571
      4000.00    5.00    0.00    0.00       -39.427     -39.439     -39.554     -39.587
      4000.00    5.50    0.00    0.00       -39.404     -39.444     -39.568     -39.602
      4100.00    2.50    0.00    0.00       -39.511     -39.433     -39.573     -39.590
      4100.00    3.00    0.00    0.00       -39.518     -39.447     -39.581     -39.599
      4100.00    3.50    0.00    0.00       -39.518     -39.454     -39.580     -39.600
      4100.00    4.00    0.00    0.00       -39.514     -39.459     -39.578     -39.600
      4100.00    4.50    0.00    0.00       -39.501     -39.466     -39.578     -39.600
      4100.00    5.00    0.00    0.00       -39.485     -39.477     -39.592     -39.616
      4100.00    5.50    0.00    0.00       -39.471     -39.481     -39.595     -39.622
      4200.00    2.50    0.00    0.00       -39.543     -39.467     -39.601     -39.617
      4200.00    3.00    0.00    0.00       -39.551     -39.479     -39.608     -39.623
      4200.00    3.50    0.00    0.00       -39.553     -39.488     -39.611     -39.628
      4200.00    4.00    0.00    0.00       -39.554     -39.492     -39.608     -39.624
      4200.00    4.50    0.00    0.00       -39.547     -39.498     -39.608     -39.625
      4200.00    5.00    0.00    0.00       -39.535     -39.509     -39.619     -39.636
      4200.00    5.50    0.00    0.00       -39.523     -39.516     -39.627     -39.647
      4300.00    2.50    0.00    0.00       -39.574     -39.501     -39.628     -39.642
      4300.00    3.00    0.00    0.00       -39.582     -39.511     -39.634     -39.647
      4300.00    3.50    0.00    0.00       -39.585     -39.523     -39.639     -39.654
      4300.00    4.00    0.00    0.00       -39.588     -39.525     -39.636     -39.650
      4300.00    4.50    0.00    0.00       -39.587     -39.530     -39.637     -39.652
      4300.00    5.00    0.00    0.00       -39.580     -39.540     -39.645     -39.658
      4300.00    5.50    0.00    0.00       -39.568     -39.548     -39.654     -39.668
      4400.00    2.50    0.00    0.00       -39.605     -39.529     -39.652     -39.661
      4400.00    3.00    0.00    0.00       -39.612     -39.543     -39.660     -39.671
      4400.00    3.50    0.00    0.00       -39.617     -39.552     -39.661     -39.673
      4400.00    4.00    0.00    0.00       -39.620     -39.558     -39.663     -39.676
      4400.00    4.50    0.00    0.00       -39.621     -39.562     -39.664     -39.678
      4400.00    5.00    0.00    0.00       -39.618     -39.569     -39.669     -39.679
      4400.00    5.50    0.00    0.00       -39.609     -39.578     -39.679     -39.689
      4500.00    2.50    0.00    0.00       -39.634     -39.563     -39.680     -39.689
      4500.00    3.00    0.00    0.00       -39.641     -39.574     -39.685     -39.695
      4500.00    3.50    0.00    0.00       -39.644     -39.583     -39.687     -39.698
      4500.00    4.00    0.00    0.00       -39.649     -39.590     -39.689     -39.701
      4500.00    4.50    0.00    0.00       -39.651     -39.593     -39.690     -39.703
      4500.00    5.00    0.00    0.00       -39.652     -39.599     -39.693     -39.706
      4500.00    5.50    0.00    0.00       -39.649     -39.609     -39.702     -39.709
      4600.00    2.50    0.00    0.00       -39.661     -39.598     -39.704     -39.712
      4600.00    3.00    0.00    0.00       -39.668     -39.605     -39.710     -39.719
      4600.00    3.50    0.00    0.00       -39.671     -39.614     -39.712     -39.724
      4600.00    4.00    0.00    0.00       -39.677     -39.620     -39.714     -39.725
      4600.00    4.50    0.00    0.00       -39.680     -39.624     -39.715     -39.726
      4600.00    5.00    0.00    0.00       -39.683     -39.628     -39.716     -39.728
      4600.00    5.50    0.00    0.00       -39.682     -39.636     -39.723     -39.731
      4700.00    2.50    0.00    0.00       -39.687     -39.627     -39.728     -39.736
      4700.00    3.00    0.00    0.00       -39.695     -39.635     -39.734     -39.743
      4700.00    3.50    0.00    0.00       -39.698     -39.645     -39.737     -39.749
      4700.00    4.00    0.00    0.00       -39.704     -39.650     -39.738     -39.749
      4700.00    4.50    0.00    0.00       -39.707     -39.655     -39.740     -39.750
      4700.00    5.00    0.00    0.00       -39.711     -39.658     -39.740     -39.751
      4700.00    5.50    0.00    0.00       -39.712     -39.664     -39.744     -39.753
      4800.00    2.50    0.00    0.00       -39.712     -39.657     -39.752     -39.760
      4800.00    3.00    0.00    0.00       -39.721     -39.665     -39.759     -39.767
      4800.00    3.50    0.00    0.00       -39.723     -39.673     -39.761     -39.772
      4800.00    4.00    0.00    0.00       -39.729     -39.679     -39.762     -39.771
      4800.00    4.50    0.00    0.00       -39.733     -39.684     -39.763     -39.773
      4800.00    5.00    0.00    0.00       -39.737     -39.687     -39.764     -39.774
      4800.00    5.50    0.00    0.00       -39.741     -39.691     -39.765     -39.775
      4900.00    2.50    0.00    0.00       -39.737     -39.685     -39.775     -39.782
      4900.00    3.00    0.00    0.00       -39.746     -39.693     -39.782     -39.789
      4900.00    3.50    0.00    0.00       -39.750     -39.702     -39.784     -39.793
      4900.00    4.00    0.00    0.00       -39.755     -39.708     -39.785     -39.794
      4900.00    4.50    0.00    0.00       -39.758     -39.712     -39.786     -39.795
      4900.00    5.00    0.00    0.00       -39.762     -39.716     -39.786     -39.796
      4900.00    5.50    0.00    0.00       -39.766     -39.719     -39.787     -39.795
      5000.00    2.50    0.00    0.00       -39.753     -39.709     -39.788     -39.797
      5000.00    3.00    0.00    0.00       -39.770     -39.721     -39.804     -39.812
      5000.00    3.50    0.00    0.00       -39.774     -39.730     -39.806     -39.815
      5000.00    4.00    0.00    0.00       -39.780     -39.736     -39.808     -39.816
      5000.00    4.50    0.00    0.00       -39.783     -39.740     -39.808     -39.817
      5000.00    5.00    0.00    0.00       -39.787     -39.744     -39.809     -39.817
      5000.00    5.50    0.00    0.00       -39.790     -39.747     -39.810     -39.818
      5100.00    2.50    0.00    0.00       -39.777     -39.736     -39.810     -39.818
      5100.00    3.00    0.00    0.00       -39.793     -39.748     -39.826     -39.833
      5100.00    3.50    0.00    0.00       -39.797     -39.756     -39.827     -39.836
      5100.00    4.00    0.00    0.00       -39.803     -39.763     -39.830     -39.838
      5100.00    4.50    0.00    0.00       -39.807     -39.766     -39.830     -39.838
      5100.00    5.00    0.00    0.00       -39.811     -39.771     -39.831     -39.839
      5100.00    5.50    0.00    0.00       -39.814     -39.772     -39.830     -39.837
      5200.00    2.50    0.00    0.00       -39.808     -39.765     -39.841     -39.849
      5200.00    3.00    0.00    0.00       -39.816     -39.775     -39.847     -39.855
      5200.00    3.50    0.00    0.00       -39.820     -39.782     -39.848     -39.856
      5200.00    4.00    0.00    0.00       -39.826     -39.788     -39.851     -39.860
      5200.00    4.50    0.00    0.00       -39.830     -39.792     -39.852     -39.859
      5200.00    5.00    0.00    0.00       -39.834     -39.797     -39.853     -39.861
      5200.00    5.50    0.00    0.00       -39.839     -39.800     -39.852     -39.859
      5300.00    2.50    0.00    0.00       -39.830     -39.792     -39.861     -39.869
      5300.00    3.00    0.00    0.00       -39.838     -39.801     -39.868     -39.875
      5300.00    3.50    0.00    0.00       -39.843     -39.809     -39.870     -39.879
      5300.00    4.00    0.00    0.00       -39.849     -39.814     -39.872     -39.879
      5300.00    4.50    0.00    0.00       -39.852     -39.818     -39.873     -39.880
      5300.00    5.00    0.00    0.00       -39.857     -39.823     -39.874     -39.881
      5300.00    5.50    0.00    0.00       -39.861     -39.825     -39.873     -39.879
      5400.00    2.50    0.00    0.00       -39.852     -39.819     -39.881     -39.888
      5400.00    3.00    0.00    0.00       -39.860     -39.828     -39.888     -39.895
      5400.00    3.50    0.00    0.00       -39.865     -39.835     -39.890     -39.898
      5400.00    4.00    0.00    0.00       -39.871     -39.839     -39.892     -39.900
      5400.00    4.50    0.00    0.00       -39.874     -39.843     -39.893     -39.900
      5400.00    5.00    0.00    0.00       -39.879     -39.848     -39.895     -39.902
      5400.00    5.50    0.00    0.00       -39.884     -39.851     -39.895     -39.901
      5500.00    2.50    0.00    0.00       -39.874     -39.846     -39.900     -39.908
      5500.00    3.00    0.00    0.00       -39.882     -39.853     -39.907     -39.914
      5500.00    3.50    0.00    0.00       -39.887     -39.860     -39.909     -39.917
      5500.00    4.00    0.00    0.00       -39.892     -39.864     -39.912     -39.919
      5500.00    4.50    0.00    0.00       -39.895     -39.867     -39.913     -39.920
      5500.00    5.00    0.00    0.00       -39.902     -39.873     -39.916     -39.922
      5500.00    5.50    0.00    0.00       -39.905     -39.875     -39.915     -39.921
      5600.00    2.50    0.00    0.00       -39.895     -39.871     -39.920     -39.927
      5600.00    3.00    0.00    0.00       -39.903     -39.879     -39.927     -39.934
      5600.00    3.50    0.00    0.00       -39.907     -39.885     -39.930     -39.938
      5600.00    4.00    0.00    0.00       -39.913     -39.888     -39.932     -39.938
      5600.00    4.50    0.00    0.00       -39.917     -39.891     -39.933     -39.939
      5600.00    5.00    0.00    0.00       -39.923     -39.896     -39.935     -39.941
      5600.00    5.50    0.00    0.00       -39.927     -39.899     -39.935     -39.940
      5700.00    2.50    0.00    0.00       -39.915     -39.897     -39.940     -39.946
      5700.00    3.00    0.00    0.00       -39.924     -39.904     -39.947     -39.953
      5700.00    3.50    0.00    0.00       -39.929     -39.909     -39.950     -39.957
      5700.00    4.00    0.00    0.00       -39.934     -39.913     -39.952     -39.958
      5700.00    4.50    0.00    0.00       -39.937     -39.915     -39.953     -39.958
      5700.00    5.00    0.00    0.00       -39.944     -39.920     -39.955     -39.961
      5700.00    5.50    0.00    0.00       -39.945     -39.922     -39.955     -39.960
      5800.00    2.50    0.00    0.00       -39.929     -39.917     -39.951     -39.956
      5800.00    3.00    0.00    0.00       -39.945     -39.929     -39.966     -39.972
      5800.00    3.50    0.00    0.00       -39.950     -39.934     -39.969     -39.976
      5800.00    4.00    0.00    0.00       -39.955     -39.937     -39.972     -39.977
      5800.00    4.50    0.00    0.00       -39.958     -39.939     -39.972     -39.978
      5800.00    5.00    0.00    0.00       -39.964     -39.943     -39.974     -39.979
      5800.00    5.50    0.00    0.00       -39.969     -39.946     -39.975     -39.979
      5900.00    2.50    0.00    0.00       -39.950     -39.942     -39.971     -39.976
      5900.00    3.00    0.00    0.00       -39.965     -39.954     -39.985     -39.991
      5900.00    3.50    0.00    0.00       -39.970     -39.957     -39.988     -39.994
      5900.00    4.00    0.00    0.00       -39.975     -39.961     -39.991     -39.996
      5900.00    4.50    0.00    0.00       -39.980     -39.963     -39.992     -39.997
      5900.00    5.00    0.00    0.00       -39.985     -39.966     -39.993     -39.997
      5900.00    5.50    0.00    0.00       -39.989     -39.969     -39.994     -39.998
      6000.00    2.50    0.00    0.00       -39.971     -39.965     -39.991     -39.995
      6000.00    3.00    0.00    0.00       -39.982     -39.973     -40.000     -40.003
      6000.00    3.50    0.00    0.00       -39.989     -39.979     -40.005     -40.010
      6000.00    4.00    0.00    0.00       -39.994     -39.982     -40.007     -40.012
      6000.00    4.50    0.00    0.00       -39.999     -39.985     -40.010     -40.014
      6000.00    5.00    0.00    0.00       -40.004     -39.988     -40.011     -40.016
      6000.00    5.50    0.00    0.00       -40.009     -39.991     -40.012     -40.015
      6100.00    2.50    0.00    0.00       -39.989     -39.991     -40.018     -40.022
      6100.00    3.00    0.00    0.00       -40.001     -39.997     -40.020     -40.023
      6100.00    3.50    0.00    0.00       -40.009     -40.002     -40.023     -40.028
      6100.00    4.00    0.00    0.00       -40.013     -40.006     -40.028     -40.033
      6100.00    4.50    0.00    0.00       -40.018     -40.008     -40.030     -40.035
      6100.00    5.00    0.00    0.00       -40.024     -40.011     -40.031     -40.035
      6100.00    5.50    0.00    0.00       -40.028     -40.013     -40.031     -40.035
      6200.00    2.50    0.00    0.00       -40.007     -40.013     -40.037     -40.041
      6200.00    3.00    0.00    0.00       -40.020     -40.020     -40.039     -40.042
      6200.00    3.50    0.00    0.00       -40.027     -40.022     -40.039     -40.043
      6200.00    4.00    0.00    0.00       -40.032     -40.028     -40.047     -40.051
      6200.00    4.50    0.00    0.00       -40.038     -40.030     -40.048     -40.052
      6200.00    5.00    0.00    0.00       -40.043     -40.033     -40.050     -40.054
      6200.00    5.50    0.00    0.00       -40.048     -40.036     -40.050     -40.054
      6300.00    2.50    0.00    0.00       -40.026     -40.032     -40.050     -40.052
      6300.00    3.00    0.00    0.00       -40.038     -40.041     -40.058     -40.060
      6300.00    3.50    0.00    0.00       -40.044     -40.044     -40.061     -40.066
      6300.00    4.00    0.00    0.00       -40.050     -40.049     -40.065     -40.070
      6300.00    4.50    0.00    0.00       -40.056     -40.052     -40.067     -40.071
      6300.00    5.00    0.00    0.00       -40.061     -40.054     -40.068     -40.072
      6300.00    5.50    0.00    0.00       -40.067     -40.057     -40.068     -40.071
      6400.00    2.50    0.00    0.00       -40.044     -40.051     -40.064     -40.067
      6400.00    3.00    0.00    0.00       -40.056     -40.061     -40.073     -40.076
      6400.00    3.50    0.00    0.00       -40.062     -40.066     -40.081     -40.085
      6400.00    4.00    0.00    0.00       -40.068     -40.069     -40.083     -40.087
      6400.00    4.50    0.00    0.00       -40.075     -40.072     -40.084     -40.087
      6400.00    5.00    0.00    0.00       -40.080     -40.074     -40.084     -40.088
      6400.00    5.50    0.00    0.00       -40.085     -40.077     -40.085     -40.088
      6500.00    2.50    0.00    0.00       -40.063     -40.071     -40.078     -40.079
      6500.00    3.00    0.00    0.00       -40.073     -40.079     -40.090     -40.092
      6500.00    3.50    0.00    0.00       -40.080     -40.084     -40.095     -40.098
      6500.00    4.00    0.00    0.00       -40.086     -40.088     -40.100     -40.104
      6500.00    4.50    0.00    0.00       -40.092     -40.093     -40.105     -40.109
      6500.00    5.00    0.00    0.00       -40.097     -40.094     -40.102     -40.105
      6500.00    5.50    0.00    0.00       -40.103     -40.096     -40.102     -40.105
      6600.00    2.50    0.00    0.00       -40.079     -40.080     -40.073     -40.073
      6600.00    3.00    0.00    0.00       -40.090     -40.096     -40.105     -40.106
      6600.00    3.50    0.00    0.00       -40.098     -40.104     -40.116     -40.120
      6600.00    4.00    0.00    0.00       -40.104     -40.108     -40.120     -40.123
      6600.00    4.50    0.00    0.00       -40.110     -40.112     -40.122     -40.125
      6600.00    5.00    0.00    0.00       -40.115     -40.113     -40.120     -40.123
      6600.00    5.50    0.00    0.00       -40.120     -40.115     -40.118     -40.121
      6700.00    2.50    0.00    0.00       -40.100     -40.090     -40.073     -40.051
      6700.00    3.00    0.00    0.00       -40.106     -40.113     -40.121     -40.122
      6700.00    3.50    0.00    0.00       -40.116     -40.123     -40.133     -40.135
      6700.00    4.00    0.00    0.00       -40.120     -40.123     -40.133     -40.137
      6700.00    4.50    0.00    0.00       -40.126     -40.129     -40.139     -40.142
      6700.00    5.00    0.00    0.00       -40.132     -40.131     -40.136     -40.138
      6700.00    5.50    0.00    0.00       -40.137     -40.133     -40.134     -40.136
      6800.00    2.50    0.00    0.00       -40.121     -40.104     -40.084     -40.030
      6800.00    3.00    0.00    0.00       -40.121     -40.129     -40.137     -40.138
      6800.00    3.50    0.00    0.00       -40.132     -40.139     -40.147     -40.148
      6800.00    4.00    0.00    0.00       -40.137     -40.141     -40.149     -40.153
      6800.00    4.50    0.00    0.00       -40.142     -40.145     -40.154     -40.157
      6800.00    5.00    0.00    0.00       -40.149     -40.149     -40.153     -40.155
      6800.00    5.50    0.00    0.00       -40.154     -40.150     -40.150     -40.152
      6900.00    2.50    0.00    0.00       -40.128     -40.133     -40.118     -40.094
      6900.00    3.00    0.00    0.00       -40.137     -40.140     -40.148     -40.160
      6900.00    3.50    0.00    0.00       -40.148     -40.154     -40.161     -40.161
      6900.00    4.00    0.00    0.00       -40.154     -40.159     -40.169     -40.173
      6900.00    4.50    0.00    0.00       -40.158     -40.162     -40.170     -40.173
      6900.00    5.00    0.00    0.00       -40.164     -40.164     -40.169     -40.172
      6900.00    5.50    0.00    0.00       -40.171     -40.168     -40.168     -40.168
      7000.00    2.50    0.00    0.00       -40.143     -40.150     -40.135     -40.113
      7000.00    3.00    0.00    0.00       -40.151     -40.155     -40.162     -40.174
      7000.00    3.50    0.00    0.00       -40.162     -40.169     -40.175     -40.175
      7000.00    4.00    0.00    0.00       -40.170     -40.176     -40.186     -40.185
      7000.00    4.50    0.00    0.00       -40.174     -40.178     -40.185     -40.187
      7000.00    5.00    0.00    0.00       -40.181     -40.181     -40.183     -40.181
      7000.00    5.50    0.00    0.00       -40.187     -40.184     -40.183     -40.182
